# WARNING: this file is not sorted!
# db	id                         alt	 E-value	adj_p-value	log_adj_p-value	bin_location	bin_width	total_width	sites_in_bin	total_sites	p_success	 p-value	mult_tests
   1	1                         MEME	9.2e-160	   6.4e-163	        -373.47	         0.0	       86	        272	         758	       1037	  0.31618	4.7e-165	       135
   1	2                         MEME	9.9e-578	   6.8e-581	       -1335.88	         0.0	       91	        281	        4117	       6447	  0.32384	4.9e-583	       140
   2	CRCRTGB                  DREME	5.6e-488	   3.9e-491	       -1129.21	         0.0	      106	        294	        8061	      14535	  0.36054	2.7e-493	       146
   2	VGGAAR                   DREME	4.8e-003	   3.3e-006	         -12.62	         0.0	      119	        295	        9441	      22404	  0.40339	2.2e-008	       147
   2	AGRKGGCR                 DREME	7.2e-345	   5.0e-348	        -799.70	         0.0	       91	        293	        3523	       6367	  0.31058	3.4e-350	       146
   2	TGRCTCAB                 DREME	7.4e-035	   5.1e-038	         -85.87	         0.0	      149	        293	        2988	       4963	  0.50853	3.5e-040	       146
   2	GGAWYTGA                 DREME	5.3e-057	   3.7e-060	        -136.86	         0.0	      117	        293	        1358	       2390	  0.39932	2.5e-062	       146
   2	CATCTRTA                 DREME	3.3e-038	   2.3e-041	         -93.57	         0.0	       61	        293	         391	        966	  0.20819	1.6e-043	       146
   2	ATGYAAAT                 DREME	1.6e-007	   1.1e-010	         -22.96	         0.0	       77	        293	         555	       1619	  0.26280	7.3e-013	       146
   2	RGTTWCA                  DREME	2.8e-024	   2.0e-027	         -61.50	         0.0	      134	        294	        3014	       5684	  0.45578	1.3e-029	       146
   2	RCCACR                   DREME	2.7e-128	   1.9e-131	        -301.00	         0.0	      103	        295	        7204	      16278	  0.34915	1.3e-133	       147
   2	TATKCAWA                 DREME	5.0e-004	   3.4e-007	         -14.89	         0.0	      143	        293	         873	       1552	  0.48805	2.3e-009	       146
   3	ARNTL_DBD            ARNTL_DBD	3.3e-037	   2.3e-040	         -91.28	         0.0	       87	        291	        1138	       2688	  0.29897	1.6e-042	       145
   3	AR_DBD                  AR_DBD	3.5e0000	   2.4e-003	          -6.02	         0.0	      162	        284	        1293	       2101	  0.57042	1.7e-005	       141
   3	ATF4_DBD              ATF4_DBD	4.5e-001	   3.1e-004	          -8.08	         0.0	       80	        288	        1470	       4772	  0.27778	2.2e-006	       143
   3	ATF7_DBD              ATF7_DBD	8.5e-008	   5.8e-011	         -23.56	         0.0	      131	        287	         918	       1688	  0.45645	4.1e-013	       143
   3	Ar_DBD                  Ar_DBD	4.2e-002	   2.9e-005	         -10.45	         0.0	      162	        284	        2073	       3379	  0.57042	2.1e-007	       141
   3	Ascl2_DBD            Ascl2_DBD	1.0e-028	   7.1e-032	         -71.72	         0.0	      119	        291	        7310	      16022	  0.40893	4.9e-034	       145
   3	Atf4_DBD              Atf4_DBD	4.2e-002	   2.9e-005	         -10.45	         0.0	       81	        287	         456	       1314	  0.28223	2.0e-007	       143
   3	Atoh1_DBD            Atoh1_DBD	2.9e-048	   2.0e-051	        -116.75	         0.0	       93	        291	        5544	      14597	  0.31959	1.4e-053	       145
   3	BATF3_DBD            BATF3_DBD	4.0e-001	   2.7e-004	          -8.20	         0.0	      131	        287	         357	        651	  0.45645	1.9e-006	       143
   3	BCL6B_DBD            BCL6B_DBD	2.0e0000	   1.4e-003	          -6.58	         0.0	      142	        284	          83	        119	  0.50000	9.8e-006	       141
   3	BHLHA15_DBD        BHLHA15_DBD	3.8e-067	   2.7e-070	        -160.21	         0.0	       91	        291	        2206	       5099	  0.31271	1.8e-072	       145
   3	BHLHB2_DBD          BHLHB2_DBD	1.6e-164	   1.1e-167	        -384.43	         0.0	       89	        291	        4334	       9878	  0.30584	7.6e-170	       145
   3	BHLHB3_full        BHLHB3_full	2.4e-133	   1.7e-136	        -312.64	         0.0	      107	        291	        4093	       8116	  0.36770	1.2e-138	       145
   3	BHLHE22_DBD        BHLHE22_DBD	7.3e-051	   5.0e-054	        -122.72	         0.0	       91	        289	        1933	       4533	  0.31488	3.5e-056	       144
   3	BHLHE23_DBD        BHLHE23_DBD	4.3e-069	   3.0e-072	        -164.70	         0.0	       91	        291	        3081	       7462	  0.31271	2.0e-074	       145
   3	BHLHE41_full      BHLHE41_full	1.9e-063	   1.3e-066	        -151.69	         0.0	       87	        291	        1613	       3706	  0.29897	9.1e-069	       145
   3	Bhlhb2_DBD_1      Bhlhb2_DBD_1	6.1e-143	   4.2e-146	        -334.73	         0.0	       99	        291	        3798	       7879	  0.34021	2.9e-148	       145
   3	Bhlhb2_DBD_2      Bhlhb2_DBD_2	2.3e-155	   1.6e-158	        -363.36	         0.0	       97	        291	        3979	       8354	  0.33333	1.1e-160	       145
   3	CLOCK_DBD            CLOCK_DBD	3.6e-380	   2.5e-383	        -880.98	         0.0	       97	        291	        7857	      15869	  0.33333	1.7e-385	       145
   3	CREB3L1_DBD_1    CREB3L1_DBD_1	3.0e-028	   2.1e-031	         -70.64	         0.0	       85	        287	        1661	       4355	  0.29617	1.5e-033	       143
   3	CREB3L1_DBD_2    CREB3L1_DBD_2	2.1e-176	   1.5e-179	        -411.78	         0.0	       95	        289	        3079	       6064	  0.32872	1.0e-181	       144
   3	CREB3L1_DBD_3    CREB3L1_DBD_3	9.9e-167	   6.8e-170	        -389.52	         0.0	       95	        289	        2762	       5375	  0.32872	4.7e-172	       144
   3	CREB3L1_DBD_4    CREB3L1_DBD_4	7.5e-015	   5.2e-018	         -39.80	         0.0	       81	        287	         956	       2620	  0.28223	3.6e-020	       143
   3	CREB3L1_full_1  CREB3L1_full_1	4.4e-107	   3.0e-110	        -252.17	         0.0	       89	        289	        1834	       3795	  0.30796	2.1e-112	       144
   3	CREB3L1_full_2  CREB3L1_full_2	3.1e-004	   2.1e-007	         -15.36	         0.0	      149	        287	         688	       1133	  0.51916	1.5e-009	       143
   3	CREB3_full_1      CREB3_full_1	4.4e-008	   3.0e-011	         -24.22	         0.0	      129	        287	        1072	       2021	  0.44948	2.1e-013	       143
   3	CREB3_full_2      CREB3_full_2	2.0e-023	   1.4e-026	         -59.53	         0.0	      113	        287	        2241	       4737	  0.39373	9.8e-029	       143
   3	CTCF_full            CTCF_full	2.0e-595	   1.3e-598	       -1376.65	         0.0	       94	        284	        4032	       6109	  0.33099	9.6e-601	       141
   3	Creb3l2_DBD_2    Creb3l2_DBD_2	3.6e-101	   2.5e-104	        -238.56	         0.0	       77	        289	        1770	       4180	  0.26644	1.7e-106	       144
   3	Creb5_DBD            Creb5_DBD	1.9e-008	   1.3e-011	         -25.06	         0.0	      165	        289	        1574	       2444	  0.57093	9.1e-014	       144
   3	E2F1_DBD_1          E2F1_DBD_1	6.4e-011	   4.4e-014	         -30.76	         0.0	       69	        289	        1070	       3593	  0.23875	3.0e-016	       144
   3	E2F1_DBD_2          E2F1_DBD_2	3.9e-013	   2.7e-016	         -35.85	         0.0	       65	        289	        1180	       4173	  0.22491	1.9e-018	       144
   3	E2F1_DBD_3          E2F1_DBD_3	1.6e-018	   1.1e-021	         -48.26	         0.0	       69	        287	        1192	       3825	  0.24042	7.7e-024	       143
   3	E2F1_DBD_4          E2F1_DBD_4	6.3e-003	   4.3e-006	         -12.35	         0.0	       57	        287	         317	       1204	  0.19861	3.0e-008	       143
   3	E2F3_DBD_1          E2F3_DBD_1	4.6e-002	   3.2e-005	         -10.36	         0.0	      129	        283	         204	        344	  0.45583	2.3e-007	       141
   3	E2F3_DBD_2          E2F3_DBD_2	2.8e0000	   1.9e-003	          -6.25	         0.0	       59	        283	         105	        343	  0.20848	1.4e-005	       141
   3	EGR2_DBD              EGR2_DBD	4.5e-002	   3.1e-005	         -10.37	         0.0	      148	        290	        3923	       7265	  0.51034	2.2e-007	       144
   3	EHF_full              EHF_full	1.9e-028	   1.3e-031	         -71.12	         0.0	      155	        289	        7102	      12017	  0.53633	9.0e-034	       144
   3	ELF1_DBD              ELF1_DBD	3.7e-027	   2.6e-030	         -68.13	         0.0	      125	        289	        3710	       7407	  0.43253	1.8e-032	       144
   3	ELF1_full            ELF1_full	4.8e-014	   3.3e-017	         -37.94	         0.0	      153	        289	        3321	       5642	  0.52941	2.3e-019	       144
   3	ELF3_DBD              ELF3_DBD	5.3e-024	   3.6e-027	         -60.88	         0.0	      121	        289	        3482	       7192	  0.41869	2.5e-029	       144
   3	ELF3_full            ELF3_full	2.3e-022	   1.6e-025	         -57.10	         0.0	      126	        288	        3382	       6718	  0.43750	1.1e-027	       143
   3	ELF4_full            ELF4_full	1.4e-033	   9.8e-037	         -82.91	         0.0	      155	        289	        5039	       8300	  0.53633	6.8e-039	       144
   3	ELF5_DBD              ELF5_DBD	2.6e-022	   1.8e-025	         -56.99	         0.0	      124	        290	        9476	      20366	  0.42759	1.2e-027	       144
   3	ELF5_full            ELF5_full	1.5e-021	   1.0e-024	         -55.24	         0.0	      124	        290	       10473	      22630	  0.42759	7.1e-027	       144
   3	ELK1_DBD_1          ELK1_DBD_1	8.8e-041	   6.1e-044	         -99.51	         0.0	      159	        291	        9151	      15161	  0.54639	4.2e-046	       145
   3	ELK1_DBD_2          ELK1_DBD_2	2.1e-027	   1.4e-030	         -68.72	         0.0	      151	        291	        4872	       8348	  0.51890	9.9e-033	       145
   3	ELK1_full_1        ELK1_full_1	3.3e-027	   2.3e-030	         -68.26	         0.0	      151	        291	        5467	       9432	  0.51890	1.6e-032	       145
   3	ELK3_DBD              ELK3_DBD	3.4e-037	   2.3e-040	         -91.26	         0.0	      153	        291	        9055	      15611	  0.52577	1.6e-042	       145
   3	ELK4_DBD              ELK4_DBD	4.7e-031	   3.3e-034	         -77.11	         0.0	      159	        291	        8745	      14628	  0.54639	2.2e-036	       145
   3	ERF_DBD                ERF_DBD	1.2e-038	   8.6e-042	         -94.56	         0.0	      157	        291	        8487	      14210	  0.53952	5.9e-044	       145
   3	ERG_DBD_1            ERG_DBD_1	2.0e-027	   1.4e-030	         -68.76	         0.0	      159	        291	        9672	      16325	  0.54639	9.5e-033	       145
   3	ERG_full_1          ERG_full_1	5.0e-030	   3.4e-033	         -74.75	         0.0	      149	        291	        8233	      14623	  0.51203	2.4e-035	       145
   3	ESRRA_DBD_5        ESRRA_DBD_5	6.2e0000	   4.3e-003	          -5.45	         0.0	       44	        284	         402	       2147	  0.15493	3.1e-005	       141
   3	ETS1_DBD_1          ETS1_DBD_1	2.2e-034	   1.5e-037	         -84.78	         0.0	      149	        291	        8899	      15772	  0.51203	1.0e-039	       145
   3	ETS1_DBD_2          ETS1_DBD_2	1.6e0000	   1.1e-003	          -6.81	         0.0	      163	        283	         816	       1284	  0.57597	7.8e-006	       141
   3	ETS1_full_1        ETS1_full_1	1.4e-028	   9.9e-032	         -71.39	         0.0	      149	        291	        9352	      16741	  0.51203	6.8e-034	       145
   3	ETV1_DBD              ETV1_DBD	1.2e-034	   8.6e-038	         -85.35	         0.0	      161	        291	       10732	      17822	  0.55326	5.9e-040	       145
   3	ETV2_DBD              ETV2_DBD	8.4e-027	   5.8e-030	         -67.32	         0.0	      150	        290	        5847	      10162	  0.51724	4.0e-032	       144
   3	ETV3_DBD              ETV3_DBD	3.4e-016	   2.4e-019	         -42.89	         0.0	      157	        291	        9666	      16786	  0.53952	1.6e-021	       145
   3	ETV4_DBD              ETV4_DBD	1.8e-032	   1.2e-035	         -80.39	         0.0	      159	        291	       11056	      18648	  0.54639	8.5e-038	       145
   3	ETV5_DBD              ETV5_DBD	1.3e-034	   9.3e-038	         -85.27	         0.0	      155	        291	       11590	      20018	  0.53265	6.4e-040	       145
   3	ETV6_full_1        ETV6_full_1	5.8e-023	   4.0e-026	         -58.48	         0.0	      154	        286	        2988	       4845	  0.53846	2.8e-028	       142
   3	ETV6_full_2        ETV6_full_2	3.9e-043	   2.7e-046	        -104.93	         0.0	      159	        291	       10962	      18274	  0.54639	1.9e-048	       145
   3	Elf5_DBD              Elf5_DBD	1.4e-021	   9.4e-025	         -55.32	         0.0	      124	        290	       10736	      23220	  0.42759	6.5e-027	       144
   3	Elk3_DBD              Elk3_DBD	3.7e-027	   2.5e-030	         -68.15	         0.0	      151	        291	        5471	       9441	  0.51890	1.7e-032	       145
   3	FEV_DBD                FEV_DBD	1.1e-034	   7.9e-038	         -85.44	         0.0	      159	        291	        9681	      16194	  0.54639	5.4e-040	       145
   3	FIGLA_DBD            FIGLA_DBD	3.1e-116	   2.1e-119	        -273.24	         0.0	      111	        291	        9828	      21359	  0.38144	1.5e-121	       145
   3	FLI1_DBD_1          FLI1_DBD_1	1.3e-031	   9.2e-035	         -78.37	         0.0	      149	        291	        9201	      16391	  0.51203	6.3e-037	       145
   3	FLI1_full_1        FLI1_full_1	2.4e-030	   1.7e-033	         -75.46	         0.0	      151	        291	        7143	      12435	  0.51890	1.2e-035	       145
   3	FOXO4_DBD_3        FOXO4_DBD_3	3.0e-003	   2.1e-006	         -13.10	         0.0	      115	        289	        6708	      15990	  0.39792	1.4e-008	       144
   3	GABPA_full          GABPA_full	5.1e-028	   3.5e-031	         -70.12	         0.0	      159	        291	        7471	      12460	  0.54639	2.4e-033	       145
   3	GCM1_DBD              GCM1_DBD	7.8e-012	   5.4e-015	         -32.85	         0.0	      125	        291	        5829	      12491	  0.42955	3.7e-017	       145
   3	GCM1_full_1        GCM1_full_1	3.2e-013	   2.2e-016	         -36.06	         0.0	       69	        285	        1547	       5247	  0.24211	1.5e-018	       142
   3	GCM1_full_2        GCM1_full_2	5.6e-015	   3.9e-018	         -40.09	         0.0	      126	        290	        5564	      11673	  0.43448	2.7e-020	       144
   3	GCM2_DBD              GCM2_DBD	3.9e-003	   2.7e-006	         -12.82	         0.0	      125	        291	        8055	      17900	  0.42955	1.9e-008	       145
   3	GLI2_DBD_1          GLI2_DBD_1	4.5e0000	   3.1e-003	          -5.77	         0.0	      125	        287	        8209	      18219	  0.43554	2.2e-005	       143
   3	GLI2_DBD_2          GLI2_DBD_2	1.8e-030	   1.2e-033	         -75.79	         0.0	      119	        289	        5306	      11295	  0.41176	8.4e-036	       144
   3	GMEB2_DBD_1        GMEB2_DBD_1	4.6e-036	   3.2e-039	         -88.65	         0.0	      103	        293	        5138	      12549	  0.35154	2.2e-041	       146
   3	GMEB2_DBD_3        GMEB2_DBD_3	1.2e-003	   8.5e-007	         -13.98	         0.0	       98	        286	         799	       1976	  0.34266	6.0e-009	       142
   3	HES5_DBD_1          HES5_DBD_1	4.9e-046	   3.3e-049	        -111.62	         0.0	       83	        289	         833	       1839	  0.28720	2.3e-051	       144
   3	HES5_DBD_2          HES5_DBD_2	6.1e-026	   4.2e-029	         -65.33	         0.0	       69	        289	         523	       1379	  0.23875	2.9e-031	       144
   3	HES7_DBD              HES7_DBD	1.1e-019	   7.6e-023	         -50.93	         0.0	       75	        289	         464	       1166	  0.25952	5.3e-025	       144
   3	HEY1_DBD              HEY1_DBD	4.4e-206	   3.0e-209	        -480.14	         0.0	       97	        291	        5015	      10440	  0.33333	2.1e-211	       145
   3	HEY2_DBD              HEY2_DBD	9.5e-146	   6.5e-149	        -341.21	         0.0	       97	        291	        6173	      14041	  0.33333	4.5e-151	       145
   3	HEY2_full            HEY2_full	1.4e-237	   9.6e-241	        -552.66	         0.0	       97	        291	        6871	      14752	  0.33333	6.6e-243	       145
   3	HIC2_DBD              HIC2_DBD	3.8e-029	   2.6e-032	         -72.72	         0.0	       86	        292	        8233	      24940	  0.29452	1.8e-034	       145
   3	HINFP1_full_1    HINFP1_full_1	3.9e-002	   2.7e-005	         -10.52	         0.0	      231	        289	        7215	       8791	  0.79931	1.9e-007	       144
   3	Hic1_DBD_1          Hic1_DBD_1	1.3e-050	   9.1e-054	        -122.13	         0.0	       83	        283	         913	       1980	  0.29329	6.5e-056	       141
   3	Hic1_DBD_2          Hic1_DBD_2	3.2e-020	   2.2e-023	         -52.16	         0.0	      108	        292	        9102	      22560	  0.36986	1.5e-025	       145
   3	ID4_DBD                ID4_DBD	1.1e-113	   7.7e-117	        -267.36	         0.0	       99	        291	        8015	      19034	  0.34021	5.3e-119	       145
   3	IRF3_full            IRF3_full	1.1e-014	   7.7e-018	         -39.41	         0.0	      172	        280	        2047	       2947	  0.61429	5.5e-020	       139
   3	IRF4_full            IRF4_full	1.1e-013	   7.8e-017	         -37.09	         0.0	      160	        286	         882	       1298	  0.55944	5.5e-019	       142
   3	IRF5_full_1        IRF5_full_1	1.1e-008	   7.7e-012	         -25.59	         0.0	      201	        287	        6868	       9342	  0.70035	5.4e-014	       143
   3	IRF5_full_2        IRF5_full_2	3.8e-013	   2.7e-016	         -35.87	         0.0	      134	        290	        5598	      11124	  0.46207	1.8e-018	       144
   3	IRF8_DBD              IRF8_DBD	7.2e-019	   5.0e-022	         -49.05	         0.0	      163	        287	        3133	       4905	  0.56794	3.5e-024	       143
   3	IRF8_full            IRF8_full	2.4e-014	   1.6e-017	         -38.65	         0.0	      161	        287	         953	       1404	  0.56098	1.1e-019	       143
   3	IRF9_full            IRF9_full	4.5e-010	   3.1e-013	         -28.79	         0.0	      168	        286	         876	       1261	  0.58741	2.2e-015	       142
   3	JDP2_DBD_1          JDP2_DBD_1	5.7e-030	   3.9e-033	         -74.62	         0.0	       98	        292	        2345	       5659	  0.33562	2.7e-035	       145
   3	JDP2_DBD_2          JDP2_DBD_2	2.6e-008	   1.8e-011	         -24.75	         0.0	      131	        289	         921	       1698	  0.45329	1.2e-013	       144
   3	JDP2_full_1        JDP2_full_1	1.6e-028	   1.1e-031	         -71.31	         0.0	      116	        292	        2576	       5383	  0.39726	7.4e-034	       145
   3	JDP2_full_2        JDP2_full_2	1.8e-009	   1.3e-012	         -27.39	         0.0	      131	        289	        1051	       1946	  0.45329	8.9e-015	       144
   3	Jdp2_DBD_1          Jdp2_DBD_1	1.3e-031	   8.8e-035	         -78.41	         0.0	      150	        292	        2281	       3695	  0.51370	6.1e-037	       145
   3	Jdp2_DBD_2          Jdp2_DBD_2	1.6e-007	   1.1e-010	         -22.94	         0.0	      165	        289	        1093	       1666	  0.57093	7.6e-013	       144
   3	MAFF_DBD              MAFF_DBD	2.7e-001	   1.9e-004	          -8.59	         0.0	      124	        286	        1354	       2835	  0.43357	1.3e-006	       142
   3	MAFK_full_2        MAFK_full_2	5.5e-003	   3.8e-006	         -12.48	         0.0	      170	        286	        7253	      11717	  0.59441	2.7e-008	       142
   3	MAX_DBD_1            MAX_DBD_1	6.7e-047	   4.6e-050	        -113.60	         0.0	       86	        284	         953	       2062	  0.30282	3.3e-052	       141
   3	MAX_DBD_2            MAX_DBD_2	5.1e-522	   3.5e-525	       -1207.60	         0.0	      107	        291	        9694	      17619	  0.36770	2.4e-527	       145
   3	MEIS3_DBD_2        MEIS3_DBD_2	6.2e-013	   4.3e-016	         -35.38	         0.0	       87	        289	        3796	      11200	  0.30104	3.0e-018	       144
   3	MESP1_DBD            MESP1_DBD	3.2e-081	   2.2e-084	        -192.62	         0.0	      119	        291	       11601	      24631	  0.40893	1.5e-086	       145
   3	MGA_DBD_1            MGA_DBD_1	4.3e-002	   2.9e-005	         -10.44	         0.0	       91	        293	        6186	      18873	  0.31058	2.0e-007	       146
   3	MLXIPL_full        MLXIPL_full	6.7e-315	   4.6e-318	        -730.69	         0.0	      107	        291	        7212	      13636	  0.36770	3.2e-320	       145
   3	MLX_full              MLX_full	1.1e-143	   7.4e-147	        -336.47	         0.0	       77	        291	        2493	       5922	  0.26460	5.1e-149	       145
   3	MNT_DBD                MNT_DBD	5.7e-484	   4.0e-487	       -1119.98	         0.0	      107	        291	        9744	      17993	  0.36770	2.7e-489	       145
   3	MSC_full              MSC_full	2.1e-019	   1.5e-022	         -50.26	         0.0	      177	        291	        7045	      10741	  0.60825	1.0e-024	       145
   3	MTF1_DBD              MTF1_DBD	2.3e0000	   1.6e-003	          -6.43	         0.0	       61	        287	         483	       1908	  0.21254	1.1e-005	       143
   3	MYF6_full            MYF6_full	6.7e-007	   4.6e-010	         -21.50	         0.0	      135	        291	        4397	       8783	  0.46392	3.2e-012	       145
   3	Mafb_DBD_2          Mafb_DBD_2	1.2e-002	   8.1e-006	         -11.72	         0.0	      186	        284	        6625	       9738	  0.65493	5.8e-008	       141
   3	Meis2_DBD_2        Meis2_DBD_2	4.5e-013	   3.1e-016	         -35.70	         0.0	       95	        289	        5592	      15458	  0.32872	2.2e-018	       144
   3	Meis3_DBD_2        Meis3_DBD_2	5.8e-008	   4.0e-011	         -23.95	         0.0	      117	        289	        3108	       6944	  0.40484	2.8e-013	       144
   3	Mlx_DBD                Mlx_DBD	8.6e-170	   5.9e-173	        -396.57	         0.0	       87	        291	        2490	       5106	  0.29897	4.1e-175	       145
   3	NEUROD2_full      NEUROD2_full	8.9e-168	   6.1e-171	        -391.93	         0.0	       93	        291	        7139	      16896	  0.31959	4.2e-173	       145
   3	NEUROG2_DBD        NEUROG2_DBD	1.6e-079	   1.1e-082	        -188.68	         0.0	       95	        291	        3974	       9402	  0.32646	7.8e-085	       145
   3	NEUROG2_full      NEUROG2_full	6.3e-090	   4.3e-093	        -212.68	         0.0	       91	        291	        2890	       6667	  0.31271	3.0e-095	       145
   3	NFAT5_DBD            NFAT5_DBD	3.2e0000	   2.2e-003	          -6.11	         0.0	      141	        287	        1774	       3364	  0.49129	1.5e-005	       143
   3	NFE2_DBD              NFE2_DBD	1.7e-028	   1.1e-031	         -71.25	         0.0	      170	        290	        2277	       3309	  0.58621	7.9e-034	       144
   3	NFIX_full_4        NFIX_full_4	1.9e0000	   1.3e-003	          -6.63	         0.0	       52	        286	         677	       3195	  0.18182	9.3e-006	       142
   3	NFKB1_DBD            NFKB1_DBD	3.8e-011	   2.6e-014	         -31.29	         0.0	      108	        288	         653	       1348	  0.37500	1.8e-016	       143
   3	NFKB2_DBD            NFKB2_DBD	7.9e-019	   5.4e-022	         -48.97	         0.0	      116	        288	        1950	       4052	  0.40278	3.8e-024	       143
   3	NHLH1_DBD            NHLH1_DBD	3.1e-014	   2.1e-017	         -38.39	         0.0	      159	        291	        7473	      12756	  0.54639	1.5e-019	       145
   3	NHLH1_full          NHLH1_full	2.0e-029	   1.4e-032	         -73.36	         0.0	      137	        291	        6815	      12993	  0.47079	9.5e-035	       145
   3	NR2F1_DBD_3        NR2F1_DBD_3	7.8e0000	   5.4e-003	          -5.22	         0.0	       22	        288	         836	       9563	  0.07639	3.8e-005	       143
   3	NR2F1_full          NR2F1_full	2.3e-017	   1.6e-020	         -45.61	         0.0	       53	        293	        3354	      15876	  0.18089	1.1e-022	       146
   3	NR2F6_DBD_1        NR2F6_DBD_1	1.4e-001	   9.5e-005	          -9.26	         0.0	      140	        286	         541	        952	  0.48951	6.7e-007	       142
   3	NR4A2_full_1      NR4A2_full_1	1.9e-011	   1.3e-014	         -31.99	         0.0	       62	        284	         510	       1669	  0.21831	9.1e-017	       141
   3	NRF1_full            NRF1_full	1.8e-007	   1.2e-010	         -22.83	         0.0	      135	        289	        1676	       3163	  0.46713	8.5e-013	       144
   3	NRL_DBD                NRL_DBD	4.5e0000	   3.1e-003	          -5.77	         0.0	      154	        290	       13187	      24233	  0.53103	2.2e-005	       144
   3	Nr2f6_DBD_1        Nr2f6_DBD_1	5.1e-010	   3.5e-013	         -28.68	         0.0	      166	        286	         599	        842	  0.58042	2.5e-015	       142
   3	OLIG1_DBD            OLIG1_DBD	2.1e-070	   1.4e-073	        -167.74	         0.0	       91	        291	        2370	       5501	  0.31271	9.8e-076	       145
   3	OLIG2_DBD            OLIG2_DBD	5.3e-033	   3.6e-036	         -81.60	         0.0	       91	        291	        3617	       9657	  0.31271	2.5e-038	       145
   3	OLIG2_full          OLIG2_full	8.6e-079	   5.9e-082	        -187.03	         0.0	       91	        291	        3705	       9047	  0.31271	4.1e-084	       145
   3	OLIG3_DBD            OLIG3_DBD	1.4e-051	   9.8e-055	        -124.36	         0.0	       91	        291	        4935	      13050	  0.31271	6.8e-057	       145
   3	PAX1_DBD              PAX1_DBD	9.0e-003	   6.2e-006	         -11.99	         0.0	       70	        284	         420	       1349	  0.24648	4.4e-008	       141
   3	PAX2_DBD              PAX2_DBD	7.0e-001	   4.8e-004	          -7.63	         0.0	      145	        283	        1432	       2572	  0.51237	3.4e-006	       141
   3	PAX5_DBD              PAX5_DBD	7.7e-006	   5.3e-009	         -19.05	         0.0	      145	        283	        4168	       7581	  0.51237	3.8e-011	       141
   3	PAX6_DBD              PAX6_DBD	2.2e-004	   1.5e-007	         -15.70	         0.0	      172	        282	        1750	       2625	  0.60993	1.1e-009	       140
   3	PAX9_DBD              PAX9_DBD	1.9e0000	   1.3e-003	          -6.65	         0.0	      152	        284	         367	        589	  0.53521	9.2e-006	       141
   3	PKNOX1_DBD          PKNOX1_DBD	9.9e-002	   6.8e-005	          -9.60	         0.0	      217	        289	        1110	       1375	  0.75087	4.7e-007	       144
   3	PKNOX2_DBD          PKNOX2_DBD	1.2e-002	   8.2e-006	         -11.71	         0.0	      129	        289	         905	       1776	  0.44637	5.7e-008	       144
   3	PRDM1_full          PRDM1_full	3.1e-002	   2.2e-005	         -10.75	         0.0	      136	        286	        4266	       8475	  0.47552	1.5e-007	       142
   3	Pknox2_DBD          Pknox2_DBD	3.8e-001	   2.6e-004	          -8.25	         0.0	      217	        289	         769	        944	  0.75087	1.8e-006	       144
   3	Pou2f2_DBD_2      Pou2f2_DBD_2	1.1e0000	   7.9e-004	          -7.15	         0.0	      166	        292	        5198	       8785	  0.56849	5.4e-006	       145
   3	RARA_DBD_1          RARA_DBD_1	1.7e-008	   1.2e-011	         -25.15	         0.0	       59	        283	         478	       1679	  0.20848	8.4e-014	       141
   3	RARA_DBD_2          RARA_DBD_2	1.1e-007	   7.4e-011	         -23.32	         0.0	      141	        283	         299	        449	  0.49823	5.3e-013	       141
   3	RARA_full_2        RARA_full_2	8.8e-013	   6.0e-016	         -35.04	         0.0	       57	        283	         341	       1093	  0.20141	4.3e-018	       141
   3	RARG_DBD_1          RARG_DBD_1	8.0e-001	   5.5e-004	          -7.50	         0.0	      130	        284	         516	        974	  0.45775	3.9e-006	       141
   3	RARG_DBD_3          RARG_DBD_3	6.8e-019	   4.7e-022	         -49.11	         0.0	       58	        284	         534	       1739	  0.20423	3.3e-024	       141
   3	RARG_full_3        RARG_full_3	4.5e-013	   3.1e-016	         -35.72	         0.0	       60	        284	        2346	       9442	  0.21127	2.2e-018	       141
   3	RUNX2_DBD_1        RUNX2_DBD_1	4.4e-007	   3.0e-010	         -21.93	         0.0	      131	        285	        4693	       9476	  0.45965	2.1e-012	       142
   3	RUNX2_DBD_2        RUNX2_DBD_2	6.8e-008	   4.7e-011	         -23.78	         0.0	      101	        283	        2260	       5602	  0.35689	3.3e-013	       141
   3	RUNX2_DBD_3        RUNX2_DBD_3	1.5e-066	   1.1e-069	        -158.81	         0.0	      138	        292	        8823	      16256	  0.47260	7.3e-072	       145
   3	RUNX3_DBD_1        RUNX3_DBD_1	5.7e-006	   3.9e-009	         -19.35	         0.0	      105	        285	        3052	       7532	  0.36842	2.8e-011	       142
   3	RUNX3_DBD_2        RUNX3_DBD_2	5.9e-063	   4.1e-066	        -150.57	         0.0	      147	        291	        9123	      15890	  0.50515	2.8e-068	       145
   3	RUNX3_DBD_3        RUNX3_DBD_3	9.7e-011	   6.7e-014	         -30.34	         0.0	      101	        283	        2445	       6006	  0.35689	4.7e-016	       141
   3	RUNX3_full          RUNX3_full	1.6e-057	   1.1e-060	        -138.04	         0.0	      147	        291	        9804	      17242	  0.50515	7.8e-063	       145
   3	RXRA_DBD_2          RXRA_DBD_2	4.5e0000	   3.1e-003	          -5.77	         0.0	       71	        287	         936	       3363	  0.24739	2.2e-005	       143
   3	Rara_DBD_1          Rara_DBD_1	2.2e-008	   1.5e-011	         -24.92	         0.0	       57	        283	         298	        993	  0.20141	1.1e-013	       141
   3	Rara_DBD_3          Rara_DBD_3	4.9e-002	   3.4e-005	         -10.29	         0.0	      134	        286	         448	        803	  0.46853	2.4e-007	       142
   3	Rarb_DBD_1          Rarb_DBD_1	4.3e-005	   3.0e-008	         -17.32	         0.0	      197	        285	         578	        727	  0.69123	2.1e-010	       142
   3	Rarb_DBD_2          Rarb_DBD_2	7.1e-016	   4.9e-019	         -42.16	         0.0	       57	        283	         326	        991	  0.20141	3.5e-021	       141
   3	Rarg_DBD_1          Rarg_DBD_1	6.5e-004	   4.5e-007	         -14.61	         0.0	      137	        285	         509	        879	  0.48070	3.2e-009	       142
   3	Rarg_DBD_3          Rarg_DBD_3	8.9e0000	   6.1e-003	          -5.09	         0.0	      136	        284	         278	        489	  0.47887	4.4e-005	       141
   3	SCRT1_DBD            SCRT1_DBD	7.1e-005	   4.9e-008	         -16.84	         0.0	      196	        286	        2759	       3772	  0.68531	3.4e-010	       142
   3	SCRT2_DBD            SCRT2_DBD	2.3e0000	   1.6e-003	          -6.44	         0.0	      184	        288	        2171	       3217	  0.63889	1.1e-005	       143
   3	SNAI2_DBD            SNAI2_DBD	8.0e-027	   5.5e-030	         -67.37	         0.0	      118	        292	       10465	      23690	  0.40411	3.8e-032	       145
   3	SPDEF_DBD_1        SPDEF_DBD_1	7.9e-007	   5.4e-010	         -21.33	         0.0	      122	        290	        3094	       6693	  0.42069	3.8e-012	       144
   3	SPDEF_full_1      SPDEF_full_1	1.7e-007	   1.1e-010	         -22.89	         0.0	      154	        290	        3981	       6944	  0.53103	8.0e-013	       144
   3	SPI1_full            SPI1_full	6.7e-033	   4.6e-036	         -81.37	         0.0	      139	        287	        2383	       4073	  0.48432	3.2e-038	       143
   3	SPIB_DBD              SPIB_DBD	2.4e-028	   1.7e-031	         -70.88	         0.0	      139	        287	        5257	       9634	  0.48432	1.2e-033	       143
   3	SPIC_full            SPIC_full	1.1e-001	   7.8e-005	          -9.46	         0.0	      233	        287	       14061	      17016	  0.81185	5.4e-007	       143
   3	SREBF2_DBD          SREBF2_DBD	1.0e-056	   7.0e-060	        -136.21	         0.0	       89	        291	        2071	       4962	  0.30584	4.8e-062	       145
   3	Spic_DBD              Spic_DBD	8.5e-026	   5.9e-029	         -65.00	         0.0	      135	        287	        3587	       6626	  0.47038	4.1e-031	       143
   3	Srebf1_DBD          Srebf1_DBD	5.6e-077	   3.9e-080	        -182.86	         0.0	      107	        291	        3040	       6245	  0.36770	2.7e-082	       145
   3	TBR1_DBD              TBR1_DBD	4.2e-002	   2.9e-005	         -10.46	         0.0	       45	        291	        2458	      14448	  0.15464	2.0e-007	       145
   3	TBX15_DBD_2        TBX15_DBD_2	7.0e0000	   4.8e-003	          -5.33	         0.0	       41	        293	        2030	      13346	  0.13993	3.3e-005	       146
   3	TBX19_DBD            TBX19_DBD	4.7e-012	   3.2e-015	         -33.37	         0.0	       87	        281	        1330	       3536	  0.30961	2.3e-017	       140
   3	TBX21_DBD_1        TBX21_DBD_1	3.3e0000	   2.2e-003	          -6.10	         0.0	       43	        285	         540	       3018	  0.15088	1.6e-005	       142
   3	TBX21_DBD_3        TBX21_DBD_3	1.4e0000	   9.8e-004	          -6.92	         0.0	      156	        282	        1588	       2669	  0.55319	7.0e-006	       140
   3	TBX4_DBD_1          TBX4_DBD_1	3.8e-008	   2.7e-011	         -24.35	         0.0	       95	        293	        7628	      21962	  0.32423	1.8e-013	       146
   3	TBX4_DBD_2          TBX4_DBD_2	1.2e0000	   8.0e-004	          -7.12	         0.0	       53	        281	         777	       3566	  0.18861	5.8e-006	       140
   3	TBX5_DBD_1          TBX5_DBD_1	7.7e-008	   5.3e-011	         -23.66	         0.0	       95	        293	        8659	      25055	  0.32423	3.6e-013	       146
   3	TCF3_DBD              TCF3_DBD	7.7e-098	   5.3e-101	        -230.89	         0.0	       99	        291	        7074	      16836	  0.34021	3.7e-103	       145
   3	TCF4_DBD              TCF4_DBD	4.3e-102	   3.0e-105	        -240.68	         0.0	       99	        291	        7001	      16571	  0.34021	2.1e-107	       145
   3	TCF4_full            TCF4_full	5.4e-045	   3.7e-048	        -109.20	         0.0	      119	        291	       12213	      26918	  0.40893	2.6e-050	       145
   3	TFAP2A_DBD_3      TFAP2A_DBD_3	1.8e-009	   1.2e-012	         -27.44	         0.0	       84	        288	        2881	       8744	  0.29167	8.5e-015	       143
   3	TFAP2A_DBD_6      TFAP2A_DBD_6	1.3e-007	   8.9e-011	         -23.14	         0.0	       84	        288	        2283	       6896	  0.29167	6.2e-013	       143
   3	TFAP2B_DBD_3      TFAP2B_DBD_3	5.5e-006	   3.8e-009	         -19.39	         0.0	       98	        288	        2410	       6346	  0.34028	2.7e-011	       143
   3	TFAP2C_DBD_3      TFAP2C_DBD_3	4.0e-004	   2.8e-007	         -15.10	         0.0	       98	        288	        2187	       5795	  0.34028	1.9e-009	       143
   3	TFAP4_DBD            TFAP4_DBD	3.2e-004	   2.2e-007	         -15.31	         0.0	      187	        291	        6514	       9703	  0.64261	1.5e-009	       145
   3	TFAP4_full          TFAP4_full	5.4e-005	   3.7e-008	         -17.10	         0.0	      195	        291	        5664	       8064	  0.67010	2.6e-010	       145
   3	TFE3_DBD              TFE3_DBD	2.1e-395	   1.5e-398	        -916.06	         0.0	      107	        291	       11247	      22084	  0.36770	1.0e-400	       145
   3	TFEB_full            TFEB_full	1.7e-382	   1.2e-385	        -886.32	         0.0	      107	        291	        9482	      18188	  0.36770	8.2e-388	       145
   3	TFEC_DBD              TFEC_DBD	4.3e-276	   3.0e-279	        -641.33	         0.0	      107	        291	       10166	      20759	  0.36770	2.1e-281	       145
   3	TGIF1_DBD            TGIF1_DBD	2.7e0000	   1.9e-003	          -6.27	         0.0	      127	        289	         427	        833	  0.43945	1.3e-005	       144
   3	TGIF2LX_full      TGIF2LX_full	3.6e-004	   2.5e-007	         -15.22	         0.0	      125	        289	        1103	       2227	  0.43253	1.7e-009	       144
   3	TGIF2_DBD            TGIF2_DBD	5.9e-008	   4.1e-011	         -23.92	         0.0	      209	        289	        3246	       4204	  0.72318	2.8e-013	       144
   3	TP63_DBD              TP63_DBD	2.3e-004	   1.6e-007	         -15.64	         0.0	       45	        283	         138	        527	  0.15901	1.1e-009	       141
   3	T_full                  T_full	1.2e-017	   8.2e-021	         -46.25	         0.0	      115	        285	        1205	       2397	  0.40351	5.8e-023	       142
   3	Tcf21_DBD            Tcf21_DBD	3.8e-005	   2.6e-008	         -17.45	         0.0	      135	        287	        1647	       3128	  0.47038	1.8e-010	       143
   3	Tcfap2a_DBD_3    Tcfap2a_DBD_3	1.7e-010	   1.2e-013	         -29.75	         0.0	       84	        288	        2649	       7958	  0.29167	8.4e-016	       143
   3	Tp53_DBD_1          Tp53_DBD_1	2.9e-010	   2.0e-013	         -29.24	         0.0	       99	        283	        1797	       4413	  0.34982	1.4e-015	       141
   3	Tp53_DBD_3          Tp53_DBD_3	2.6e-010	   1.8e-013	         -29.36	         0.0	      151	        283	        1270	       2046	  0.53357	1.3e-015	       141
   3	Tp73_DBD              Tp73_DBD	5.5e-013	   3.8e-016	         -35.51	         0.0	      145	        283	        2124	       3637	  0.51237	2.7e-018	       141
   3	USF1_DBD              USF1_DBD	8.1e-478	   5.6e-481	       -1105.82	         0.0	      107	        291	        8159	      14574	  0.36770	3.9e-483	       145
   3	XBP1_DBD_1          XBP1_DBD_1	6.9e-008	   4.8e-011	         -23.77	         0.0	      157	        289	        2180	       3617	  0.54325	3.3e-013	       144
   3	XBP1_DBD_2          XBP1_DBD_2	7.5e-004	   5.2e-007	         -14.47	         0.0	      159	        287	        2428	       4053	  0.55401	3.6e-009	       143
   3	YY2_DBD                YY2_DBD	2.5e-016	   1.8e-019	         -43.19	         0.0	       62	        290	        3559	      14420	  0.21379	1.2e-021	       144
   3	YY2_full_1          YY2_full_1	2.7e-005	   1.8e-008	         -17.82	         0.0	       98	        290	        7966	      22246	  0.33793	1.3e-010	       144
   3	YY2_full_2          YY2_full_2	1.2e-008	   8.3e-012	         -25.52	         0.0	      105	        289	        2553	       6244	  0.36332	5.8e-014	       144
   3	ZBTB7A_DBD          ZBTB7A_DBD	9.2e-037	   6.4e-040	         -90.25	         0.0	       91	        289	        4411	      11805	  0.31488	4.4e-042	       144
   3	ZBTB7C_full        ZBTB7C_full	7.8e-014	   5.4e-017	         -37.46	         0.0	      119	        289	        9018	      20382	  0.41176	3.7e-019	       144
   3	ZIC1_full            ZIC1_full	5.2e-020	   3.6e-023	         -51.69	         0.0	       97	        287	        1661	       3985	  0.33798	2.5e-025	       143
   3	ZIC3_full            ZIC3_full	2.8e-012	   2.0e-015	         -33.87	         0.0	       92	        286	        2286	       6132	  0.32168	1.4e-017	       142
   3	ZIC4_DBD              ZIC4_DBD	1.4e-054	   9.4e-058	        -131.30	         0.0	      116	        286	        6571	      13862	  0.40559	6.7e-060	       142
   3	ZNF238_DBD          ZNF238_DBD	9.4e-016	   6.5e-019	         -41.88	         0.0	       90	        288	        2735	       7532	  0.31250	4.5e-021	       143
   3	ZNF238_full        ZNF238_full	2.7e-019	   1.9e-022	         -50.02	         0.0	      104	        288	        4318	      10554	  0.36111	1.3e-024	       143
   3	Zic3_DBD              Zic3_DBD	2.6e-025	   1.8e-028	         -63.90	         0.0	       82	        286	        1573	       4274	  0.28671	1.2e-030	       142
   4	MA0004.1                  Arnt	8.7e-206	   6.0e-209	        -479.45	         0.0	       97	        295	        4799	      10030	  0.32881	4.1e-211	       147
   4	MA0006.1             Arnt::Ahr	3.1e-018	   2.2e-021	         -47.59	         0.0	      157	        295	       10925	      19237	  0.53220	1.5e-023	       147
   4	MA0019.1          Ddit3::Cebpa	2.4e-014	   1.7e-017	         -38.62	         0.0	      113	        289	        6038	      14101	  0.39100	1.2e-019	       144
   4	MA0028.1                  ELK1	2.0e-010	   1.4e-013	         -29.62	         0.0	      151	        291	       13429	      24678	  0.51890	9.5e-016	       145
   4	MA0048.1                 NHLH1	1.3e-008	   9.0e-012	         -25.44	         0.0	      159	        289	        6842	      11712	  0.55017	6.2e-014	       144
   4	MA0051.1                  IRF2	1.4e-005	   9.7e-009	         -18.45	         0.0	      147	        283	        1315	       2239	  0.51943	6.9e-011	       141
   4	MA0056.1              MZF1_1-4	3.0e-001	   2.0e-004	          -8.50	         0.0	      133	        295	       11944	      25662	  0.45085	1.4e-006	       147
   4	MA0059.1              MYC::MAX	5.8e-474	   4.0e-477	       -1096.95	         0.0	      106	        290	        7373	      12973	  0.36552	2.8e-479	       144
   4	MA0067.1                  Pax2	1.7e-013	   1.2e-016	         -36.66	         0.0	      101	        293	        9377	      25266	  0.34471	8.2e-019	       146
   4	MA0081.1                  SPIB	5.8e-009	   4.0e-012	         -26.25	         0.0	      192	        294	       17051	      25242	  0.65306	2.7e-014	       146
   4	MA0089.1          NFE2L1::MafG	1.3e-001	   9.1e-005	          -9.30	         0.0	      155	        295	       13460	      24890	  0.52542	6.2e-007	       147
   4	MA0091.1            TAL1::TCF3	8.7e-064	   6.0e-067	        -152.49	         0.0	       93	        289	        4048	       9985	  0.32180	4.1e-069	       144
   4	MA0101.1                   REL	5.2e-002	   3.6e-005	         -10.23	         0.0	      209	        291	       13688	      18630	  0.71821	2.5e-007	       145
   4	MA0107.1                  RELA	3.2e-012	   2.2e-015	         -33.75	         0.0	      135	        291	        3748	       7301	  0.46392	1.5e-017	       145
   4	MA0111.1                  Spz1	2.7e-002	   1.9e-005	         -10.90	         0.0	      154	        290	        9811	      17829	  0.53103	1.3e-007	       144
   4	MA0116.1                Zfp423	5.2e-005	   3.6e-008	         -17.14	         0.0	       92	        286	         815	       2110	  0.32168	2.5e-010	       142
   4	MA0117.1                  Mafb	3.8e-005	   2.6e-008	         -17.45	         0.0	      153	        293	       13771	      25416	  0.52218	1.8e-010	       146
   4	MA0119.1            TLX1::NFIC	5.1e-004	   3.5e-007	         -14.86	         0.0	       89	        287	         648	       1720	  0.31010	2.5e-009	       143
   4	MA0130.1               ZNF354C	5.1e-026	   3.5e-029	         -65.52	         0.0	       95	        295	        8882	      24903	  0.32203	2.4e-031	       147
   4	MA0131.1                 HINFP	4.9e0000	   3.4e-003	          -5.69	         0.0	      193	        291	        3556	       5154	  0.66323	2.3e-005	       145
   4	MA0136.1                  ELF5	6.9e-004	   4.7e-007	         -14.57	         0.0	      156	        292	       14230	      25765	  0.53425	3.3e-009	       145
   4	MA0139.1                  CTCF	2.0e-394	   1.4e-397	        -913.80	         0.0	       80	        282	        5585	      11911	  0.28369	9.9e-400	       140
   4	MA0062.2                 GABPA	6.2e-040	   4.2e-043	         -97.57	         0.0	      140	        290	        7219	      13275	  0.48276	2.9e-045	       144
   4	MA0002.2                 RUNX1	5.6e-025	   3.9e-028	         -63.12	         0.0	      122	        290	       11264	      24670	  0.42069	2.7e-030	       144
   4	MA0156.1                   FEV	6.8e-023	   4.7e-026	         -58.33	         0.0	      111	        293	        5369	      12585	  0.37884	3.2e-028	       146
   4	MA0163.1                 PLAG1	4.5e0000	   3.1e-003	          -5.77	         0.0	       81	        287	        1133	       3618	  0.28223	2.2e-005	       143
   4	MA0018.2                 CREB1	6.0e-011	   4.1e-014	         -30.81	         0.0	      107	        293	        7222	      18323	  0.36519	2.8e-016	       146
   4	MA0099.2              JUN::FOS	2.4e-010	   1.6e-013	         -29.45	         0.0	      122	        294	       10185	      23107	  0.41497	1.1e-015	       146
   4	MA0259.1           HIF1A::ARNT	9.1e-157	   6.3e-160	        -366.57	         0.0	       97	        293	        6127	      13866	  0.33106	4.3e-162	       146
   4	MA0145.2              Tcfcp2l1	6.7e-007	   4.6e-010	         -21.50	         0.0	       51	        287	        3559	      18017	  0.17770	3.2e-012	       143
   4	MA0461.1                 Atoh1	2.6e-022	   1.8e-025	         -56.99	         0.0	       85	        293	        1734	       4779	  0.29010	1.2e-027	       146
   4	MA0462.1             BATF::JUN	2.4e-005	   1.7e-008	         -17.91	         0.0	       76	        290	        2420	       8254	  0.26207	1.2e-010	       144
   4	MA0464.1               Bhlhe40	6.2e-204	   4.3e-207	        -475.18	         0.0	      114	        290	        6418	      12059	  0.39310	3.0e-209	       144
   4	MA0470.1                  E2F4	3.2e-001	   2.2e-004	          -8.43	         0.0	       62	        290	        1429	       5979	  0.21379	1.5e-006	       144
   4	MA0473.1                  ELF1	3.8e-020	   2.6e-023	         -51.99	         0.0	      108	        288	        5864	      14041	  0.37500	1.8e-025	       143
   4	MA0474.1                   Erg	1.2e-013	   8.1e-017	         -37.05	         0.0	      152	        290	        9052	      16201	  0.52414	5.6e-019	       144
   4	MA0475.1                  FLI1	2.8e-023	   1.9e-026	         -59.20	         0.0	      150	        290	        9065	      16171	  0.51724	1.3e-028	       144
   4	MA0476.1                   FOS	1.9e-028	   1.3e-031	         -71.09	         0.0	      120	        290	        2716	       5492	  0.41379	9.3e-034	       144
   4	MA0477.1                 FOSL1	1.3e-036	   8.7e-040	         -89.94	         0.0	      148	        290	        2861	       4701	  0.51034	6.0e-042	       144
   4	MA0478.1                 FOSL2	1.3e-043	   9.1e-047	        -106.01	         0.0	      122	        290	        3753	       7428	  0.42069	6.3e-049	       144
   4	MA0488.1                   JUN	3.8e-010	   2.6e-013	         -28.97	         0.0	      100	        288	        1896	       4711	  0.34722	1.8e-015	       143
   4	MA0489.1                   JUN	5.2e-023	   3.6e-026	         -58.60	         0.0	      115	        287	        3263	       7009	  0.40070	2.5e-028	       143
   4	MA0490.1                  JUNB	2.9e-032	   2.0e-035	         -79.92	         0.0	      116	        290	        2439	       4983	  0.40000	1.4e-037	       144
   4	MA0491.1                  JUND	3.6e-040	   2.5e-043	         -98.11	         0.0	      116	        290	        1947	       3791	  0.40000	1.7e-045	       144
   4	MA0492.1                  JUND	2.1e-007	   1.5e-010	         -22.65	         0.0	      128	        286	        2046	       4071	  0.44755	1.0e-012	       142
   4	MA0494.1           Nr1h3::Rxra	5.3e-006	   3.7e-009	         -19.42	         0.0	       68	        282	        3521	      13244	  0.24113	2.6e-011	       140
   4	MA0499.1                 Myod1	1.5e-023	   1.0e-026	         -59.86	         0.0	      142	        288	        5535	      10095	  0.49306	7.1e-029	       143
   4	MA0500.1                  Myog	6.4e-022	   4.4e-025	         -56.09	         0.0	      162	        290	        5309	       8620	  0.55862	3.0e-027	       144
   4	MA0501.1             NFE2::MAF	4.3e-011	   3.0e-014	         -31.15	         0.0	       84	        286	        1744	       5029	  0.29371	2.1e-016	       142
   4	MA0506.1                  NRF1	3.3e-013	   2.3e-016	         -36.03	         0.0	      102	        290	        2825	       7030	  0.35172	1.6e-018	       144
   4	MA0510.1                  RFX5	1.7e-006	   1.2e-009	         -20.54	         0.0	      132	        286	        6058	      12317	  0.46154	8.4e-012	       142
   4	MA0511.1                 RUNX2	1.5e-011	   1.0e-014	         -32.22	         0.0	      192	        286	       11444	      16314	  0.67133	7.1e-017	       142
   4	MA0512.1                  Rxra	4.8e-023	   3.3e-026	         -58.66	         0.0	       92	        290	        5431	      15115	  0.31724	2.3e-028	       144
   4	MA0513.1   SMAD2::SMAD3::SMAD4	1.2e-009	   8.1e-013	         -27.84	         0.0	       72	        288	        4070	      14640	  0.25000	5.7e-015	       143
   4	MA0517.1          STAT2::STAT1	9.5e-006	   6.6e-009	         -18.84	         0.0	      126	        286	        6353	      13568	  0.44056	4.6e-011	       142
   4	MA0521.1                 Tcf12	3.2e-022	   2.2e-025	         -56.78	         0.0	      162	        290	        5748	       9363	  0.55862	1.5e-027	       144
   4	MA0522.1                  Tcf3	3.5e-089	   2.4e-092	        -210.97	         0.0	      102	        290	        5808	      13245	  0.35172	1.7e-094	       144
   4	MA0525.1                  TP63	1.0e-008	   7.1e-012	         -25.68	         0.0	      147	        281	        6178	      11063	  0.52313	5.0e-014	       140
   4	MA0526.1                  USF2	4.1e-382	   2.8e-385	        -885.45	         0.0	      106	        290	        6716	      12126	  0.36552	2.0e-387	       144
   4	MA0527.1                ZBTB33	1.8e-003	   1.2e-006	         -13.61	         0.0	      106	        286	        1835	       4456	  0.37063	8.6e-009	       142
   4	MA0007.2                    AR	4.8e-001	   3.3e-004	          -8.02	         0.0	      178	        286	        8744	      13633	  0.62238	2.3e-006	       142
   4	MA0024.2                  E2F1	1.0e-001	   6.9e-005	          -9.57	         0.0	       94	        290	        1012	       2747	  0.32414	4.8e-007	       144
   4	MA0154.2                  EBF1	1.6e-011	   1.1e-014	         -32.17	         0.0	      122	        290	        5329	      11617	  0.42069	7.4e-017	       144
   4	MA0076.2                  ELK4	3.2e-033	   2.2e-036	         -82.11	         0.0	      134	        290	        7171	      13872	  0.46207	1.5e-038	       144
   4	MA0258.2                  ESR2	1.9e-012	   1.3e-015	         -34.29	         0.0	       44	        286	        2837	      15870	  0.15385	9.1e-018	       142
   4	MA0098.2                  Ets1	4.8e-017	   3.3e-020	         -44.85	         0.0	      148	        286	        8984	      16176	  0.51748	2.3e-022	       142
   4	MA0058.2                   MAX	1.8e-504	   1.2e-507	       -1167.20	         0.0	      109	        291	        7393	      12583	  0.37457	8.5e-510	       145
   4	MA0100.2                   Myb	9.3e-002	   6.4e-005	          -9.65	         0.0	      169	        291	        5816	       9605	  0.58076	4.4e-007	       145
   4	MA0147.2                   Myc	1.4e-499	   9.8e-503	       -1155.92	         0.0	       99	        291	        6361	      11332	  0.34021	6.7e-505	       145
   4	MA0104.3                  Mycn	5.4e-474	   3.7e-477	       -1097.02	         0.0	      107	        293	        5922	       9912	  0.36519	2.5e-479	       146
   4	MA0150.2                Nfe2l2	3.0e-011	   2.0e-014	         -31.53	         0.0	      128	        286	        4093	       8314	  0.44755	1.4e-016	       142
   4	MA0105.3                 NFKB1	2.3e-004	   1.6e-007	         -15.66	         0.0	      134	        290	        5622	      11473	  0.46207	1.1e-009	       144
   4	MA0014.2                  PAX5	3.6e-001	   2.4e-004	          -8.31	         0.0	       80	        282	        3880	      12835	  0.28369	1.7e-006	       140
   4	MA0080.3                  Spi1	8.6e-021	   6.0e-024	         -53.48	         0.0	      160	        286	       11345	      18999	  0.55944	4.2e-026	       142
   4	MA0106.2                  TP53	2.3e-011	   1.6e-014	         -31.78	         0.0	      146	        286	        2979	       5253	  0.51049	1.1e-016	       142
   4	MA0093.2                  USF1	1.2e-298	   8.2e-302	        -693.27	         0.0	       98	        290	        6620	      13388	  0.33793	5.7e-304	       144
   4	MA0591.1           Bach1::Mafk	3.9e-012	   2.7e-015	         -33.54	         0.0	      226	        286	        3443	       4088	  0.79021	1.9e-017	       142
   4	MA0597.1                 THAP1	3.1e-016	   2.1e-019	         -42.99	         0.0	      112	        292	       11028	      26778	  0.38356	1.5e-021	       145
   4	MA0598.1                   EHF	9.1e-017	   6.3e-020	         -44.21	         0.0	      135	        293	        2409	       4527	  0.46075	4.3e-022	       146
   5	UP00099_1        Ascl2_primary	5.0e-061	   3.5e-064	        -146.12	         0.0	      120	        284	        9855	      20439	  0.42254	2.5e-066	       141
   5	UP00020_1         Atf1_primary	6.1e-004	   4.2e-007	         -14.68	         0.0	      121	        285	        2185	       4681	  0.42456	3.0e-009	       142
   5	UP00050_1       Bhlhb2_primary	4.9e-110	   3.4e-113	        -258.97	         0.0	      111	        279	        4546	       8767	  0.39785	2.4e-115	       139
   5	UP00001_1         E2F2_primary	4.3e-015	   3.0e-018	         -40.35	         0.0	       74	        286	        2257	       7363	  0.25874	2.1e-020	       142
   5	UP00003_1         E2F3_primary	1.3e-018	   8.9e-022	         -48.47	         0.0	       74	        286	        1914	       6047	  0.25874	6.3e-024	       142
   5	UP00015_1          Ehf_primary	2.8e-024	   1.9e-027	         -61.50	         0.0	      108	        286	        8353	      20063	  0.37762	1.4e-029	       142
   5	UP00090_1         Elf3_primary	9.0e-008	   6.2e-011	         -23.51	         0.0	      124	        288	       10644	      23458	  0.43056	4.3e-013	       143
   5	UP00013_1        Gabpa_primary	5.4e-031	   3.7e-034	         -76.98	         0.0	      150	        284	        6582	      11211	  0.52817	2.6e-036	       141
   5	UP00070_1         Gcm1_primary	1.3e-003	   8.7e-007	         -13.95	         0.0	      121	        285	        5696	      12668	  0.42456	6.1e-009	       142
   5	UP00042_1        Gm397_primary	3.0e-006	   2.1e-009	         -19.98	         0.0	      160	        284	        5686	       9522	  0.56338	1.5e-011	       141
   5	UP00084_1        Gmeb1_primary	1.6e-013	   1.1e-016	         -36.72	         0.0	      154	        284	        5653	       9634	  0.54225	8.0e-019	       141
   5	UP00035_1         Hic1_primary	9.3e-017	   6.4e-020	         -44.19	         0.0	       65	        285	        3195	      12039	  0.22807	4.5e-022	       142
   5	UP00066_1        Hnf4a_primary	1.0e-001	   7.0e-005	          -9.56	         0.0	      116	        284	        6042	      14090	  0.40845	5.0e-007	       141
   5	UP00086_1         Irf3_primary	8.9e-001	   6.1e-004	          -7.40	         0.0	      141	        287	       11216	      22154	  0.49129	4.3e-006	       143
   5	UP00018_1         Irf4_primary	4.3e-022	   3.0e-025	         -56.47	         0.0	      146	        286	        6720	      12007	  0.51049	2.1e-027	       142
   5	UP00040_1         Irf5_primary	6.3e-009	   4.3e-012	         -26.17	         0.0	      160	        286	        6096	      10224	  0.55944	3.0e-014	       142
   5	UP00011_1         Irf6_primary	8.8e-009	   6.1e-012	         -25.83	         0.0	      148	        284	        6719	      12107	  0.52113	4.3e-014	       141
   5	UP00103_1       Jundm2_primary	1.6e-005	   1.1e-008	         -18.31	         0.0	      129	        285	        2264	       4526	  0.45263	7.9e-011	       142
   5	UP00060_1          Max_primary	5.7e-439	   3.9e-442	       -1016.37	         0.0	      101	        285	        8894	      16970	  0.35439	2.8e-444	       142
   5	UP00097_1         Mtf1_primary	3.0e-017	   2.1e-020	         -45.31	         0.0	       87	        285	        2919	       8216	  0.30526	1.5e-022	       142
   5	UP00036_1         Myf6_primary	3.0e-081	   2.0e-084	        -192.71	         0.0	      113	        285	        9931	      21460	  0.39649	1.4e-086	       142
   5	UP00009_1        Nr2f2_primary	5.0e-002	   3.4e-005	         -10.28	         0.0	       25	        285	        1349	      13448	  0.08772	2.4e-007	       142
   5	UP00088_1       Plagl1_primary	6.9e-029	   4.7e-032	         -72.13	         0.0	       61	        285	        2974	      11353	  0.21404	3.3e-034	       142
   5	UP00048_1         Rara_primary	5.0e-004	   3.4e-007	         -14.89	         0.0	       51	        285	        2491	      12496	  0.17895	2.4e-009	       142
   5	UP00056_1         Rfx4_primary	1.0e0000	   6.9e-004	          -7.28	         0.0	       80	        286	        2091	       6880	  0.27972	4.8e-006	       142
   5	UP00076_1       Rfxdc2_primary	6.0e-007	   4.2e-010	         -21.60	         0.0	       92	        286	        3435	       9685	  0.32168	2.9e-012	       142
   5	UP00053_1         Rxra_primary	8.6e-002	   6.0e-005	          -9.73	         0.0	      116	        284	        6211	      14491	  0.40845	4.2e-007	       141
   5	UP00085_1        Sfpi1_primary	3.0e-025	   2.1e-028	         -63.75	         0.0	      155	        287	       13412	      23228	  0.54007	1.4e-030	       143
   5	UP00038_1        Spdef_primary	9.9e-010	   6.8e-013	         -28.01	         0.0	      147	        285	        7519	      13700	  0.51579	4.8e-015	       142
   5	UP00010_1      Tcfap2b_primary	3.8e-002	   2.6e-005	         -10.54	         0.0	      159	        287	        7511	      13037	  0.55401	1.8e-007	       143
   5	UP00046_1       Tcfe2a_primary	2.7e-131	   1.9e-134	        -307.92	         0.0	      112	        284	        8530	      17511	  0.39437	1.3e-136	       141
   5	UP00031_1        Zbtb3_primary	3.7e-007	   2.5e-010	         -22.09	         0.0	      156	        284	        9361	      16240	  0.54930	1.8e-012	       141
   5	UP00065_1       Zfp161_primary	3.5e-034	   2.4e-037	         -84.31	         0.0	       85	        285	        2860	       7780	  0.29825	1.7e-039	       142
   5	UP00095_1       Zfp691_primary	1.1e0000	   7.5e-004	          -7.19	         0.0	      192	        284	        6437	       9230	  0.67606	5.3e-006	       141
   5	UP00102_1         Zic1_primary	7.8e-068	   5.4e-071	        -161.80	         0.0	       83	        287	        5225	      14578	  0.28920	3.8e-073	       143
   5	UP00057_1         Zic2_primary	1.1e-048	   7.8e-052	        -117.68	         0.0	      118	        286	        7048	      14826	  0.41259	5.5e-054	       142
   5	UP00006_1         Zic3_primary	6.5e-050	   4.5e-053	        -120.54	         0.0	      118	        286	        7143	      15016	  0.41259	3.1e-055	       142
   5	UP00026_1       Zscan4_primary	2.6e-013	   1.8e-016	         -36.27	         0.0	      116	        284	        4384	       9693	  0.40845	1.3e-018	       141
   5	UP00050_2     Bhlhb2_secondary	4.1e-168	   2.9e-171	        -392.69	         0.0	       96	        278	        4368	       8913	  0.34532	2.1e-173	       138
   5	UP00001_2       E2F2_secondary	5.1e-004	   3.5e-007	         -14.86	         0.0	      124	        284	        5432	      11719	  0.43662	2.5e-009	       141
   5	UP00003_2       E2F3_secondary	1.5e-004	   1.1e-007	         -16.06	         0.0	      124	        284	        4627	       9910	  0.43662	7.5e-010	       141
   5	UP00068_2      Eomes_secondary	2.0e-008	   1.4e-011	         -24.99	         0.0	      163	        285	       10704	      17868	  0.57193	9.9e-014	       142
   5	UP00079_2      Esrra_secondary	5.5e-015	   3.8e-018	         -40.12	         0.0	      132	        284	        6910	      13713	  0.46479	2.7e-020	       141
   5	UP00042_2      Gm397_secondary	5.5e0000	   3.8e-003	          -5.57	         0.0	      111	        285	        5671	      13960	  0.38947	2.7e-005	       142
   5	UP00084_2      Gmeb1_secondary	1.2e-011	   8.3e-015	         -32.42	         0.0	       99	        285	        5792	      15261	  0.34737	5.8e-017	       142
   5	UP00035_2       Hic1_secondary	3.4e-022	   2.3e-025	         -56.71	         0.0	       87	        285	        6194	      18073	  0.30526	1.7e-027	       142
   5	UP00103_2     Jundm2_secondary	1.5e-049	   1.1e-052	        -119.67	         0.0	       97	        285	        4127	       9934	  0.34035	7.5e-055	       142
   5	UP00060_2        Max_secondary	1.3e-149	   9.2e-153	        -350.08	         0.0	      111	        287	        9605	      20056	  0.38676	6.4e-155	       143
   5	UP00092_2        Myb_secondary	2.3e0000	   1.6e-003	          -6.44	         0.0	      151	        285	        7241	      13208	  0.52982	1.1e-005	       142
   5	UP00081_2      Mybl1_secondary	1.6e-002	   1.1e-005	         -11.41	         0.0	      194	        286	        9693	      13866	  0.67832	7.8e-008	       142
   5	UP00088_2     Plagl1_secondary	5.5e0000	   3.8e-003	          -5.57	         0.0	      110	        284	        3656	       8956	  0.38732	2.7e-005	       141
   5	UP00098_2       Rfx3_secondary	5.4e-003	   3.7e-006	         -12.51	         0.0	      112	        278	        6729	      15866	  0.40288	2.7e-008	       138
   5	UP00076_2     Rfxdc2_secondary	4.6e0000	   3.2e-003	          -5.75	         0.0	      128	        284	        8038	      17242	  0.45070	2.3e-005	       141
   5	UP00005_2    Tcfap2a_secondary	1.0e-016	   7.2e-020	         -44.07	         0.0	       95	        287	        9170	      25511	  0.33101	5.1e-022	       143
   5	UP00087_2    Tcfap2c_secondary	3.2e-014	   2.2e-017	         -38.35	         0.0	       85	        287	        7108	      21934	  0.29617	1.6e-019	       143
   5	UP00046_2     Tcfe2a_secondary	3.8e-110	   2.7e-113	        -259.22	         0.0	       92	        284	        8314	      20825	  0.32394	1.9e-115	       141
   5	UP00047_2     Zbtb7b_secondary	6.5e-003	   4.5e-006	         -12.31	         0.0	      122	        284	        5735	      12646	  0.42958	3.2e-008	       141
   5	UP00065_2     Zfp161_secondary	2.1e0000	   1.4e-003	          -6.56	         0.0	       35	        287	        1334	       9782	  0.12195	9.9e-006	       143
   5	UP00021_2     Zfp281_secondary	4.8e-002	   3.3e-005	         -10.33	         0.0	      108	        284	        5035	      12517	  0.38028	2.3e-007	       141
   5	UP00095_2     Zfp691_secondary	5.6e0000	   3.9e-003	          -5.55	         0.0	       96	        284	        7175	      20416	  0.33803	2.8e-005	       141
   5	UP00022_2     Zfp740_secondary	1.4e-007	   9.7e-011	         -23.06	         0.0	      108	        284	        6282	      15390	  0.38028	6.9e-013	       141
   5	UP00102_2       Zic1_secondary	3.3e-014	   2.3e-017	         -38.31	         0.0	      140	        286	        9809	      18784	  0.48951	1.6e-019	       142
   5	UP00057_2       Zic2_secondary	8.0e-018	   5.5e-021	         -46.65	         0.0	      146	        286	       10320	      18892	  0.51049	3.9e-023	       142
   5	UP00006_2       Zic3_secondary	4.5e-018	   3.1e-021	         -47.23	         0.0	      146	        286	       10475	      19177	  0.51049	2.2e-023	       142
   5	UP00198_1          Cphx_3484.1	5.6e0000	   3.8e-003	          -5.56	         0.0	       45	        287	        1189	       6799	  0.15679	2.7e-005	       143
   5	UP00205_1        Pknox2_3077.2	4.7e-002	   3.2e-005	         -10.34	         0.0	      215	        285	        7268	       9358	  0.75439	2.3e-007	       142
##
# Detailed descriptions of columns in this file:
#
# db:	The name of the database (file name) that contains the motif.
# id:	A name for the motif that is unique in the motif database file.
# alt:	An alternate name of the motif that may be provided 
#	in the motif database file.
# E-value:	The expected number motifs that would have least one 
#	region as enriched for best matches to the motif as the reported region.
#	The E-value is the p-value multiplied by the number of motifs in the
#	input database(s).
# adj_p-value:	The probability that any tested region would be as enriched for
#	best matches to this motif as the reported region is.
#	By default the p-value is calculated by using the one-tailed binomial
#	test on the number of sequences with a match to the motif 
#	that have their best match in the reported region, corrected for
#	the number of regions and score thresholds tested.
#	The test assumes that the probability that the best match in a sequence
#	falls in the region is the region width divided by the
#	number of places a motif
#	can align in the sequence (sequence length minus motif width plus 1).
#	When CentriMo is run in discriminative mode with a negative
#	set of sequences, the p-value of a region is calculated
#	using the Fisher exact test on the 
#	enrichment of best matches in the positive sequences relative
#	to the negative sequences, corrected
#	for the number of regions and score thresholds tested.
#	The test assumes that the probability that the best match (if any)
#	falls into a given region
#	is the same for all positive and negative sequences.
# log_adj_p-value:	Log of adjusted p-value.
# bin_location:	Location of the center of the most enriched region.
# bin_width:	The width (in sequence positions) of the most enriched region.
#	A best match to the motif is counted as being in the region if the
#	center of the motif falls in the region.
# total_width:	The window maximal size which can be reached for this motif:
#		rounded(sequence length - motif length +1)/2
# sites_in_bin:	The number of (positive) sequences whose best match to the motif
#	falls in the reported region.
#	Note: This number may be less than the number of
#	(positive) sequences that have a best match in the region.
#	The reason for this is that a sequence may have many matches that score
#	equally best.
#	If n matches have the best score in a sequence, 1/n is added to the
#	appropriate bin for each match.
# total_sites:	The number of sequences containing a match to the motif
#	above the score threshold.
# p_success:	The probability of falling in the enriched window:
#		bin width / total width
# p-value:	The uncorrected p-value before it gets adjusted to the
#	number of multiple tests to give the adjusted p-value.
# mult_tests:	This is the number of multiple tests (n) done for this motif.
#	It was used to correct the original p-value of a region for
#	multiple tests using the formula:
#		p' = 1 - (1-p)^n where p is the uncorrected p-value.
#	The number of multiple tests is the number of regions
#	considered times the number of score thresholds considered.
#	It depends on the motif length, sequence length, and the type of
#	optimizations being done (central enrichment, local enrichment,
#	score optimization).
